# Created by Octave 2.1.51, Tue Feb 03 16:15:37 2004 BRST <rodrigo@colibrih>
# name: xxx_bus
# type: matrix
# rows: 837
# columns: 9
 0 0 -0.0125514 1000 1000 0.0174997 0.0222783 0.0248711 0.0331304
 0.0300301 0.00220755 0.0889851 1000 1000 0.00876988 0.0658584 0.0517843 0.0279897
 0.059844 0.00662963 0.133647 1000 1000 0.00587756 0.105181 0.0141871 0.107504
 0.0895921 0.0104052 0.146118 1000 1000 0.0044445 0.126063 0.0224404 0.0582496
 0.119114 0.0165311 0.176359 1000 1000 0.00359503 0.187029 0.0435586 0.0819664
 0.149176 0.0169064 0.156869 1000 1000 0.00303721 0.193839 0.0527308 0.0868349
 0.178748 0.0221077 0.174951 1000 1000 0.00264591 0.216541 0.030427 0.137025
 0.20907 0.0211235 0.157413 1000 1000 0.00235853 0.24732 0.000316439 0.175921
 0.237568 0.0345227 0.213215 1000 1000 0.00214029 0.285639 0.0553002 0.204294
 0.267195 0.0386854 0.218865 1000 1000 0.00197031 0.314871 0.083315 0.198086
 0.296344 0.0461084 0.237463 1000 1000 0.00183529 0.379089 0.0926675 0.23839
 0.326932 0.044181 0.219202 1000 1000 0.00172635 0.403143 0.079526 0.215817
 0.355346 0.0559531 0.252544 1000 1000 0.00163734 0.413151 0.0871622 0.246747
 0.383782 0.0669689 0.279257 1000 1000 0.00156387 0.418494 0.0876764 0.284004
 0.412354 0.0766839 0.298871 1000 1000 0.00150271 0.431229 0.0945272 0.307221
 0.44179 0.081575 0.30173 1000 1000 0.00145144 0.4217 0.133492 0.30409
 0.470291 0.0911958 0.318837 1000 1000 0.00140821 0.496874 0.145953 0.303181
 0.499159 0.0988203 0.328662 1000 1000 0.00137157 0.526368 0.171248 0.315196
 0.527723 0.107746 0.34151 1000 1000 0.00134039 0.558551 0.187686 0.358069
 0.556577 0.115276 0.349488 1000 1000 0.00131376 0.566722 0.167492 0.410323
 0.583105 0.13238 0.383227 1000 1000 0.00129094 0.574129 0.190765 0.453923
 0.610216 0.146403 0.40582 1000 1000 0.00127135 0.597528 0.192695 0.496472
 0.638306 0.156269 0.415528 1000 1000 0.00125448 0.631772 0.201566 0.549367
 0.663817 0.175339 0.448989 1000 1000 0.00123992 0.633342 0.219527 0.579327
 0.689256 0.193799 0.47832 1000 1000 0.00122735 0.678687 0.244827 0.616368
 0.712465 0.218769 0.522592 1000 1000 0.00121647 0.700683 0.28953 0.620201
 0.737455 0.236847 0.545716 1000 1000 0.00120705 0.73829 0.31288 0.592831
 0.762192 0.255069 0.567646 1000 1000 0.00119888 0.761107 0.30871 0.662724
 0.78556 0.276549 0.596645 1000 1000 0.00119178 0.752031 0.345044 0.658464
 0.810824 0.292227 0.608557 1000 1000 0.00118562 0.798377 0.329861 0.665259
 0.833358 0.314593 0.637268 1000 1000 0.00118026 0.808624 0.329728 0.620949
 0.857435 0.332527 0.652488 1000 1000 0.0011756 0.86472 0.383286 0.63515
 0.880373 0.352789 0.672918 1000 1000 0.00117155 0.867088 0.435478 0.630238
 0.904921 0.369124 0.681615 1000 1000 0.00116801 0.921261 0.430949 0.623641
 0.930178 0.383949 0.685675 1000 1000 0.00116494 0.912202 0.459514 0.651937
 0.956101 0.397548 0.686105 1000 1000 0.00116225 0.920309 0.483858 0.657021
 0.981118 0.413079 0.691671 1000 1000 0.00115992 0.955383 0.486666 0.672924
 1.00462 0.431473 0.704646 1000 1000 0.00115788 0.964039 0.493297 0.668909
 1.02687 0.451991 0.722631 1000 1000 0.0011561 1.00214 0.530548 0.69031
 1.05148 0.468176 0.727512 1000 1000 0.00115455 1.02697 0.578289 0.72476
 1.07396 0.487989 0.74213 1000 1000 0.0011532 1.03106 0.599058 0.777016
 1.0939 0.511815 0.767095 1000 1000 0.00115202 1.0489 0.654254 0.804412
 1.1165 0.531059 0.777629 1000 1000 0.00115099 1.04236 0.683899 0.809231
 1.13841 0.551284 0.790283 1000 1000 0.00115009 1.03803 0.722723 0.766123
 1.15958 0.572516 0.805039 1000 1000 0.0011493 1.02987 0.793401 0.76314
 1.18447 0.588224 0.802843 1000 1000 0.00114862 1.0582 0.850136 0.783593
 1.20248 0.613777 0.829488 1000 1000 0.00114802 1.10182 0.875869 0.818512
 1.22426 0.633826 0.838337 1000 1000 0.00114749 1.15259 0.899155 0.835484
 1.23965 0.662323 0.871836 1000 1000 0.00114704 1.17194 0.968241 0.860175
 1.25844 0.68594 0.888805 1000 1000 0.00114664 1.18371 0.962881 0.896294
 1.27902 0.707158 0.89747 1000 1000 0.00114629 1.17363 1.00009 0.881504
 1.29827 0.729949 0.910421 1000 1000 0.00114599 1.21851 0.997914 0.876083
 1.31524 0.75533 0.930709 1000 1000 0.00114572 1.24222 1.00655 0.909535
 1.33379 0.778673 0.94343 1000 1000 0.00114549 1.23397 1.04104 0.924845
 1.35165 0.802679 0.957527 1000 1000 0.00114529 1.26023 1.02586 0.922975
 1.36917 0.826938 0.971633 1000 1000 0.00114511 1.28589 1.10454 0.916631
 1.38416 0.853724 0.993281 1000 1000 0.00114496 1.30251 1.14322 0.957892
 1.40442 0.874937 0.995129 1000 1000 0.00114482 1.30999 1.19175 0.925108
 1.42579 0.895154 0.993299 1000 1000 0.00114471 1.31691 1.22965 0.934522
 1.43998 0.922384 1.01552 1000 1000 0.0011446 1.38019 1.21067 0.944472
 1.45986 0.944093 1.01729 1000 1000 0.00114451 1.37846 1.24788 0.947095
 1.47612 0.969166 1.0307 1000 1000 0.00114443 1.39857 1.30996 0.941153
 1.49126 0.995148 1.04661 1000 1000 0.00114437 1.44126 1.36582 0.925811
 1.50843 1.01927 1.05485 1000 1000 0.00114431 1.44767 1.42528 0.979328
 1.5267 1.04246 1.05908 1000 1000 0.00114425 1.44454 1.47687 0.971575
 1.54019 1.0696 1.07777 1000 1000 0.00114421 1.47599 1.50686 1.00159
 1.55556 1.0951 1.08922 1000 1000 0.00114417 1.46397 1.54991 0.992037
 1.57248 1.11934 1.09511 1000 1000 0.00114413 1.48191 1.58767 0.996887
 1.58467 1.14718 1.11473 1000 1000 0.0011441 1.48457 1.6191 1.00357
 1.60254 1.17068 1.11598 1000 1000 0.00114408 1.48223 1.68558 1.06142
 1.6171 1.19664 1.12694 1000 1000 0.00114405 1.4692 1.73357 1.05565
 1.63037 1.22346 1.14081 1000 1000 0.00114403 1.50538 1.73664 1.05465
 1.64229 1.25113 1.15751 1000 1000 0.00114401 1.50886 1.78472 1.06206
 1.65465 1.27839 1.1716 1000 1000 0.001144 1.49401 1.82816 1.10607
 1.66458 1.30716 1.1915 1000 1000 0.00114399 1.51557 1.83843 1.15856
 1.67653 1.33449 1.20413 1000 1000 0.00114397 1.51504 1.85861 1.18484
 1.68357 1.36477 1.22949 1000 1000 0.00114396 1.53153 1.9182 1.21576
 1.69521 1.39209 1.24005 1000 1000 0.00114395 1.53566 2.00765 1.22888
 1.70338 1.42137 1.25938 1000 1000 0.00114395 1.53436 2.01896 1.24321
 1.7122 1.45013 1.27538 1000 1000 0.00114394 1.56913 2.07384 1.25473
 1.72586 1.47619 1.2771 1000 1000 0.00114393 1.53669 2.10155 1.2853
 1.73435 1.505 1.29262 1000 1000 0.00114393 1.52377 2.11527 1.31232
 1.74479 1.53274 1.30175 1000 1000 0.00114392 1.52732 2.20027 1.34161
 1.74586 1.56503 1.33501 1000 1000 0.00114392 1.55117 2.21772 1.33939
 1.75783 1.59186 1.33697 1000 1000 0.00114392 1.53448 2.24683 1.34412
 1.7621 1.62227 1.35898 1000 1000 0.00114391 1.52019 2.28705 1.35348
 1.77054 1.65066 1.36844 1000 1000 0.00114391 1.53177 2.33345 1.37921
 1.77294 1.68157 1.39279 1000 1000.01 0.00114391 1.54646 2.31583 1.39279
 1.78436 1.70864 1.39213 1000.01 1000.01 0.00114391 1.58832 2.32104 1.36665
 1.7919 1.7373 1.4015 1000.01 1000.01 0.0011439 1.60908 2.35703 1.35937
 1.80055 1.76554 1.40739 1000.01 1000.01 0.0011439 1.58425 2.36631 1.35605
 1.80971 1.79361 1.4116 1000.01 1000.01 0.0011439 1.58467 2.41132 1.36773
 1.82194 1.82066 1.40782 1000.01 1000.01 0.0011439 1.55554 2.45323 1.41661
 1.82171 1.85195 1.43556 1000.01 1000.01 0.0011439 1.57639 2.45544 1.43033
 1.82137 1.88307 1.46148 1000.01 1000.01 0.0011439 1.58706 2.50486 1.40401
 1.82507 1.91276 1.47543 1000.01 1000.01 0.0011439 1.59402 2.4888 1.46405
 1.83222 1.94138 1.47982 1000.01 1000.01 0.0011439 1.58896 2.54443 1.45699
 1.82914 1.97286 1.50912 1000.01 1000.01 0.0011439 1.56674 2.5925 1.51022
 1.83393 2.00204 1.51691 1000.01 1000.01 0.0011439 1.58371 2.6381 1.50693
 1.83056 2.03322 1.54409 1000.01 1000.01 0.0011439 1.57789 2.67722 1.54114
 1.83506 2.06235 1.55007 1000.01 1000.01 0.00114389 1.57721 2.69335 1.55239
 1.83896 2.09163 1.55711 1000.01 1000.01 0.00114389 1.54492 2.718 1.54429
 1.84528 2.12043 1.55779 1000.01 1000.01 0.00114389 1.56865 2.71906 1.55072
 1.84426 2.15069 1.57618 1000.01 1000.01 0.00114389 1.57494 2.78231 1.55939
 1.8427 2.18094 1.59457 1000.01 1000.01 0.00114389 1.56303 2.85327 1.5808
 1.84297 2.21077 1.6072 1000.01 1000.01 0.00114389 1.54118 2.90449 1.66639
